AFG 0 0 1 34385000
ALB 0 0 0 3205000
DZA 1 0 0 35468000
ASM 0 0 0 68420
AND 0 0 0 84864
AGO 0 0 0 19082000
ATG 0 0 0 88000
ARG 1 1 2 40412000
ARM 0 1 2 3092000
ABW 0 0 0 108000
AUS 7 16 12 22299000
AUT 0 0 0 8390000
AZE 2 2 6 9054000
BHS 1 0 0 343000
BHR 0 0 1 1262000
BGD 0 0 0 148692000
BRB 0 0 0 274000
BLR 2 5 5 9490000
BEL 0 1 2 10896000
BLZ 0 0 0 345000
BEN 0 0 0 8850000
BMU 0 0 0 64600
BTN 0 0 0 726000
BOL 0 0 0 9929000
BIH 0 0 0 3760000
BWA 0 1 0 2007000
BRA 3 5 9 194946000
VGB 0 0 0 88000
BRN 0 0 0 399000
BGR 0 1 1 7534000
BFA 0 0 0 16468000
MMR 0 0 0 47963000
BDI 0 0 0 8382000
KHM 0 0 0 14139000
CMR 0 0 0 19599000
CAN 1 5 12 34126000
CPV 0 0 0 496000
CYM 0 0 0 56230
CAF 0 0 0 4401000
TCD 0 0 0 11227000
CHL 0 0 0 17113688
CHN 38 27 23 1338300000
COL 1 3 4 46295000
COM 0 0 0 735000
COG 0 0 0 4043000
COK 0 0 0 20000
CRI 0 0 0 4659000
HRV 3 1 2 4418000
CUB 5 3 6 11258000
CYP 0 1 0 659350
CZE 4 3 3 10520000
COD 0 0 0 65965000
DNK 2 4 3 5547000
DJI 0 0 0 889000
DMA 0 0 0 68000
DOM 1 1 0 9927000
TLS 0 0 0 1124000
ECU 0 0 0 14465000
EGY 0 2 0 81121000
SLV 0 0 0 6193000
GNQ 0 0 0 700000
ERI 0 0 0 5254000
EST 0 1 1 1340000
ETH 3 1 3 82950000
FJI 0 0 0 860000
FIN 0 1 2 5364000
FRA 11 11 12 64895000
GAB 0 1 0 1505000
GMB 0 0 0 1729000
GEO 1 3 3 4452000
DEU 11 19 14 81777000
GHA 0 0 0 24392000
GRC 0 0 2 11316000
GRD 1 0 0 104000
GUM 0 0 0 179000
GTM 0 1 0 14389000
GIN 0 0 0 9982000
GNB 0 0 0 1515000
GUY 0 0 0 755000
HTI 0 0 0 9993000
HND 0 0 0 7600000
HKG 0 0 1 7068000
HUN 8 4 5 10000000
ISL 0 0 0 318000
IND 0 2 4 1224615000
IDN 0 1 1 239870000
IRN 4 5 3 73973000
IRQ 0 0 0 32031000
IRL 1 1 3 4475000
ISR 0 0 0 7624000
ITA 8 9 11 60483000
CIV 0 0 0 19738000
JAM 4 4 4 2702000
JPN 7 14 17 127451000
JOR 0 0 0 6047000
KAZ 7 1 5 16323000
KEN 2 4 5 40513000
KIR 0 0 0 100000
KWT 0 0 1 2736000
KGZ 0 0 0 5448000
LAO 0 0 0 6201000
LVA 1 0 1 2239000
LBN 0 0 0 4227000
LSO 0 0 0 2171000
LBR 0 0 0 3994000
LBY 0 0 0 6355000
LIE 0 0 0 36032
LTU 2 1 2 3287000
LUX 0 0 0 507000
MKD 0 0 0 2060000
MDG 0 0 0 20714000
MWI 0 0 0 14901000
MYS 0 1 1 28401000
MDV 0 0 0 316000
MLI 0 0 0 15370000
MLT 0 0 0 416000
MHL 0 0 0 54038
MRT 0 0 0 3460000
MUS 0 0 0 1281000
MEX 1 3 3 113423000
FSM 0 0 0 111000
MDA 0 0 2 3562000
MCO 0 0 0 35407
MNG 0 2 3 2756000
MNE 0 1 0 632000
MAR 0 0 1 31951000
MOZ 0 0 0 23390000
NAM 0 0 0 2283000
NRU 0 0 0 10372
NPL 0 0 0 29959000
NLD 6 6 8 16616000
NZL 6 2 5 4368000
NIC 0 0 0 5789000
NER 0 0 0 15512000
NGA 0 0 0 158423000
PRK 4 0 2 24589122
NOR 2 1 1 4889000
OMN 0 0 0 2783000
PAK 0 0 0 173593000
PLW 0 0 0 20472
PSE 0 0 0 4152000
PAN 0 0 0 3517000
PNG 0 0 0 6858000
PRY 0 0 0 6454000
PER 0 0 0 29076000
PHL 0 0 0 93261000
POL 2 2 6 38184000
PRT 0 1 0 10638000
PRI 0 1 1 3978000
QAT 0 0 2 1759000
ROU 2 5 2 21438000
RUS 24 26 32 141750000
RWA 0 0 0 10624000
KNA 0 0 0 52000
LCA 0 0 0 174000
VCT 0 0 0 109000
WSM 0 0 0 184000
SMR 0 0 0 31534
STP 0 0 0 165000
SAU 0 0 1 27448000
SEN 0 0 0 12434000
SRB 1 1 2 7291000
SYC 0 0 0 87000
SLE 0 0 0 5867000
SGP 0 0 2 5077000
SVK 0 1 3 5430000
SVN 1 1 2 2049000
SLB 0 0 0 538000
SOM 0 0 0 9331000
ZAF 3 2 1 49991000
KOR 13 8 7 48875000
ESP 3 10 4 46071000
LKA 0 0 0 20860000
SDN 0 0 0 43552000
SUR 0 0 0 525000
SWZ 0 0 0 1056000
SWE 1 4 3 9378000
CHE 2 2 0 7826000
SYR 0 0 0 20447000
TWN 0 1 1 23174528
TJK 0 0 1 6879000
TZA 0 0 0 44841000
THA 0 2 1 69122000
TGO 0 0 0 6028000
TON 0 0 0 104000
TTO 1 0 3 1341000
TUN 1 1 1 10549000
TUR 2 2 1 72752000
TKM 0 0 0 5042000
TUV 0 0 0 9827
UGA 1 0 0 33424000
GBR 29 17 19 62232000
UKR 6 5 9 45871000
ARE 0 0 0 7512000
URY 0 0 0 3357000
USA 46 29 29 309349000
UZB 1 0 3 28228000
VUT 0 0 0 240000
VEN 1 0 0 28834000
VNM 0 0 0 86928000
VIR 0 0 0 110000
YEM 0 0 0 24053000
ZMB 0 0 0 12927000
ZWE 0 0 0 12571000